1016369
